[app/ui]
version = 7.2.3
modtime = 1570470423.944221000

[app/launcher]
version = 7.2.3
modtime = 1570470423.945729000
